name	consensus_length	number_copies	total_length
LTR60B	765	231	100234
MER9a2	513	322	150442
MLT1C-int	467	472	214130
LTR6B	558	164	82349
U13	108	180	17883
MER51D	657	171	40429
Tigger3	3029	1221	484628
Tigger6b	1597	319	85125
MER51B	377	726	218906
MER20	219	17233	3076639
LTR60	586	45	9554
MER21-int	4191	1070	551797
LTR2B	483	353	157367
MER133B	140	39	3174
Charlie15b	1061	1912	364435
UCON49	699	97	13120
Ricksha_a	1181	62	24538
L1MC5	8047	15931	4630564
MLT1J1-int	444	493	194900
HERVK9-int	6021	724	1052477
Arthur1B	1225	2346	596671
SVA_B	1383	848	570993
HERVE-int	7813	284	556462
MIR3	208	87384	10065314
hAT-N1_Mam	340	578	90047
THE1C-int	375	1841	2004118
HERV35I-int	6918	586	398671
HAL1ME	6091	8923	2096739
ALR/Alpha	172	1860	72354093
UCON14	347	95	10625
Charlie9	2757	1383	223228
HERV1_LTRa	521	27	11823
Merlin1_HS	1175	60	17780
GSATX	218	58	101853
MER57-int	7537	1323	986629
UCON39	185	100	12553
UCON57	88	19	1289
L1M3	6734	7042	2477268
tRNA-Thr-ACY	77	14	760
AluYk2	311	824	231101
AluYh3	311	2798	631133
MER57C2	434	465	138922
MER67C	711	1690	535760
LTR85a	702	1813	342296
L1MA4	7718	10943	6557715
MLT1D	505	21808	7074372
HERVS71-int	8978	181	414606
ACRO1	147	86	65269
MSTA	428	20302	6414573
Chap1_Mam	342	1446	213403
MER6A	605	1035	379892
Charlie5	2624	2666	591047
LTR12_	688	556	302924
MLT1A	374	9312	2536046
X7C_LINE	236	611	74151
LTR49-int	6331	2284	1132721
MER3	209	11064	1595601
UCON58	142	17	1781
LTR1F1	729	226	138455
UCON9	323	47	8345
MER57E1	372	511	133993
L1PA8A	6317	2514	3289821
SVA_D	1386	1546	1918814
AluYk3	311	1207	342264
MLT1G1	579	3671	1183409
MER52A	1755	1438	1700156
Eulor12	184	54	6020
L1P	4625	155	13812
Tigger17b	1073	114	44210
MER67B	661	497	170336
LTR16C	489	6693	1781912
U17	207	9	1577
L1MCc	4748	3437	1420221
L1P2	6171	1612	2264324
MLT1A0	365	21235	5904831
MARNA	586	3248	577211
MamRep605	849	4237	827724
tRNA-Cys-TGY	75	137	7062
L1ME3A	6016	16097	5959487
tRNA-Val-GTA	76	11	705
Tigger19b	550	3608	487245
LTR7Y	472	257	91863
MLT1E-int	653	17	6297
MamGypsy2-I	4166	2309	616559
MER57B2	403	1142	309885
MER134	513	86	11622
MER77	604	1391	533065
HERVIP10FH-int	5102	432	390074
MER87	541	164	61647
UCON71_Crp	277	269	20615
MER5C1	263	612	96336
MSTB1	432	4951	1625419
MER75B	243	125	20708
MER106A	236	733	134948
Tigger3a	348	5439	1567801
LTR14C	587	137	70762
LTR70	1286	159	99702
L4_A_Mam	4990	6579	1631296
LTR8A	727	1483	672951
UCON51	250	41	5657
MamRep4096	426	1232	207506
MER92D	320	226	49279
Harlequin-int	6896	557	836292
FAM	185	4302	655015
BC200	200	195	24108
L1M2	6992	9803	5542054
LTR47A	452	692	205096
Charlie1	2781	1914	608686
MER67A	543	480	121887
LTR47B	443	43	12122
L1MC2	6520	6549	3325586
L1MA5A	5216	3495	1838111
MER81	114	3640	346915
MER76	691	737	280459
LTR86B1	493	295	66249
Tigger7	2491	3222	764502
UCON100	122	19	1725
MER11A	1266	989	915284
L1PB3	6871	3656	2831567
LTR81	1189	338	68958
Eulor9A	301	118	15273
UCON1	1386	234	40918
tRNA-Ile-ATC	77	9	652
L1ME3C	6093	3529	1079354
LTR22B	492	154	66728
tRNA-Arg-CGA_	76	2	146
tRNA-Gln-CAA_	75	36	2480
UCON76	241	48	6732
MER41E	595	365	138049
L1HS	6033	1686	3576813
Charlie17	2916	608	142867
AluYh3a3	292	342	77311
MER90a	614	1273	411397
HERVP71A-int	7590	253	281763
Charlie23a	339	1434	233504
tRNA-Val-GTY	76	31	1740
MER124	397	739	120514
LTR45	525	177	54103
MER113B	302	562	88669
MER58B	341	7111	1422574
AluSq	313	19866	5647314
AluYf1	311	2025	591359
MER39	707	3435	1098485
LTR1D	975	308	241819
L1MA10	4779	5142	1799603
Charlie14a	1166	509	85356
LTR38C	711	132	51822
UCON87	121	6	676
MLT1H1-int	555	428	174035
L1PA2	6033	5113	9985233
MSTC-int	428	210	153673
LTR33A_	531	1807	463488
Charlie13b	512	404	81490
LTR33C	629	940	247474
LTR86C	621	298	81043
SVA_C	1384	501	435665
tRNA-Ile-ATT	77	54	2898
Charlie26a	325	504	80187
MER58D	386	1172	153777
MamRTE1	3812	9120	1325449
MER58C	215	2625	363351
hAT-16_Crp	3446	20	2658
Kanga1a	754	858	219114
LTR88c	862	973	153568
MLT1E3	624	2080	684121
tRNA-Leu-CTA_	85	5	297
LTR27	636	107	56430
LTR28C	1129	348	227760
X1_LINE	645	83	20930
tRNA-Ser-TCG	85	6	428
MER97b	1049	179	61038
L1PA15	6788	8569	8081097
AluYe5	310	1378	352603
HERVL-int	5654	2432	3855939
LTR35A	547	93	32464
tRNA-Arg-CGG	76	18	1306
HERVL32-int	3418	135	84393
LTR19-int	5586	212	171817
MER92-int	5218	961	406412
Eulor4	424	28	6067
MER1B	339	5504	1599515
Kanga1c	729	858	157327
MER136	318	29	4813
UCON96	157	18	1858
LTR43-int	4798	173	92040
LTR9	612	841	366569
Eulor9C	270	101	9280
MER52C	1278	386	316596
L1P1	6156	3342	2956930
MamGypLTR3	894	644	140982
Charlie16a	342	1908	285332
L1P4e	4070	221	164405
MLT1K-int	595	192	46644
UCON8	1115	194	34393
5S	121	1307	93394
HSAT4	105	102	236415
MLT1E1A-int	680	83	40036
HSAT6	126	19	4525
MLT2C1	397	2692	637949
HERVK3-int	7202	363	413688
UCON25	275	47	5875
L1ME3E	6212	4679	1632047
UCON75	206	20	3129
MER5B	178	25363	2947582
MER102b	341	3882	740973
ERVL47-int	5246	212	150615
MER91C	140	1641	136843
MLT1E2	627	4076	1505389
L1PA3	6033	11089	19917084
ORSL-2b	508	718	155124
HERVK13-int	8116	66	81669
Charlie10b	242	288	45295
LTR13_	954	48	43453
MER4CL34	765	951	347595
MER92A	412	155	41687
UCON101	120	24	1929
LTR81B	1393	1147	257746
CR1-3_Croc	3605	1312	184566
HAL1M8	8047	2234	884693
PRIMA4_LTR	594	342	146307
MLT1E1	654	1096	319572
L1MA7	7709	8880	4186968
MER52-int	7091	486	513600
LTR3B_	499	276	89212
tRNA-Glu-GAG_	75	92	6189
MER33	324	9821	1914635
HUERS-P2-int	3088	267	245155
L1MA6	7718	5566	3315048
MER57F	435	423	126549
MER97c	1129	227	76557
OldhAT1	2848	4436	407307
(CATTC)n	180	19	90092
UCON99	371	53	7936
AluYa5	311	3986	1174843
LTR8B	820	1640	777919
MER6C	202	169	23589
UCON71	126	18	1692
L1MA1	7722	4359	4245324
MLT1B-int	390	579	218495
MamTip2	305	6830	815635
U1	165	218	28013
LTR104_Mam	1509	1890	373732
Charlie22a	491	1077	181468
LTR50	795	2614	705839
MER96	175	1288	143618
Charlie17a	217	1137	162474
Tigger10	1844	1033	233614
UCON94	133	30	2971
AmnSINE1	575	2550	274479
tRNA-Glu-GAA	75	88	5711
AluSc5	309	7018	1924115
L1PA12	4520	1811	1533871
UCON66	565	65	10960
Ricksha_0	1733	409	195518
LTR1	783	246	150916
MER41B	634	2934	1094333
UCON80	142	44	4170
LTR14B	608	372	171707
LTR73	572	229	87803
LTR29	622	757	223781
MER57E3	487	276	59052
HERV1_LTRd	535	15	6648
AluJb	312	131759	32621219
tRNA-Met	76	52	3070
MER83C	373	152	44775
MER113A	314	1576	247511
MER57D	411	471	133520
MER61F	676	166	71655
MER97a	890	288	105383
LTR10B	505	78	33475
LTR12B	667	177	353493
LTR54	510	1145	294647
UCON69	486	25	3386
HERVK-int	7536	262	519200
LTR26	603	614	253268
LTR5	969	26	4815
L1MD1	6634	6941	4090812
MER51C	640	186	76817
MER8	239	1999	371013
ERV24_Prim-int	7575	424	242661
MER61-int	5217	1144	1078813
Ricksha_c	2048	1220	306310
LTR35	608	117	37282
LTR33	515	9189	2359145
LTR16D1	675	196	57917
BSR/Beta	152	2041	1529983
MER91A	196	3535	433136
LTR16A1	456	2726	728748
MIRb	268	225106	34117947
L3	4101	46118	9001065
X9_LINE	936	651	60548
LTR1F2	739	138	85390
TAR1	2111	151	96175
Charlie10a	280	293	46756
L2	3426	58398	15711271
L1M5	6333	56594	15530344
MER65-int	4871	1032	587330
UCON65	458	33	4867
tRNA-Lys-AAA	76	46	3132
MER31-int	4936	1147	519165
MER41D	557	491	145587
Eulor1	357	75	12354
MER61D	501	266	96189
LTR79	527	3925	768245
UCON47	165	96	10012
L3b	4101	9972	1431113
Eulor6C	208	20	2466
AluYa8	310	368	44108
UCON31	454	110	18093
ORSL	275	1231	202203
MER6B	210	691	116498
MER34D	579	252	89349
MLT1A0-int	365	971	559388
Eulor7	197	11	1420
MER45C	953	1242	332885
UCON72	189	48	5825
THE1D-int	1631	2703	2257973
MER30	230	4255	785886
MLT1O-int	542	12	3381
MER66C	555	594	164393
MLT1A1	408	6875	2017290
Kanga1d	609	675	123032
REP522	1817	283	207937
HERV30-int	8257	70	129867
MER83	448	516	162773
LTR51	671	416	174934
MER88	464	112	36454
Tigger14a	324	1244	174410
MER117	197	4148	549410
LTR16A	451	4235	1203400
DNA1_Mam	407	172	29583
LTR68	740	345	100085
LTR53-int	3329	342	194491
LTR66	610	427	122924
HERVL74-int	5685	388	171759
L1ME4a	6091	34781	7428107
UCON55	192	368	40192
LTR43B	572	252	79684
MER63A	210	3571	619262
MamRep488	219	496	62734
MLT1B	390	18512	5083611
MER57C1	385	196	51961
Charlie4	1961	129	24765
MER61A	341	814	248157
Charlie13a	1514	567	180535
MER65B	531	212	47604
LTR39-int	9044	163	58211
LTR10C	591	543	249841
CR1-11_Crp	1461	26	2865
LTR25-int	7188	584	563605
MER1A	529	3314	1439334
MST-int	1651	227	90350
MER45R	1581	670	177809
Chompy-6_Croc	980	15	787
AluSg7	309	9159	2500749
MER4C	465	695	223716
L1P3b	4802	90	53860
L1ME3	6005	9515	3427129
LTR48B	644	1015	365051
LTR1B0	742	93	62437
MER123	267	46	7577
MSTB2	457	1624	542124
LTR1C3	638	64	22463
HY1	119	460	47044
MER89	559	1421	433935
L1MEf	6142	12455	6000899
LTR16B	463	712	213128
AluSz6	312	49944	12931783
LTR6A	564	326	151600
LTR82A	872	1040	333328
tRNA-Pro-CCY	75	17	1139
Zaphod3	2623	1258	247070
X7D_LINE	159	57	4451
LTR22C2	496	82	37138
L1MA5	7001	4580	2879707
HSAT5	86	273	35397
LTR22C	509	17	7526
LTR52	421	1103	294155
L1ME3F	6213	4727	1579141
MLT2A1	444	3838	1095175
HERVK14C-int	7434	80	122774
MER74A	558	1627	597380
MER4-int	6598	3059	1776597
MER44C	733	875	421933
LTR86A1	513	528	129768
tRNA-Ala-GCG	75	11	780
PABL_B	667	389	147490
tRNA-Thr-ACY_	77	12	759
MLT2B2	515	2234	707547
L1M	7546	749	77777
SSU-rRNA_Hsa	1869	85	41977
MER121B	409	67	10365
MLT1E1A	680	3474	1128143
UCON80_AMi	222	211	17630
L2b	3379	98365	18501993
MER5A	189	35217	4450523
MLT1-int	1371	251	70306
Charlie4z	167	5751	662681
AluSq2	313	63875	18306890
L1M4b	7164	4583	2472798
LTR53B	533	199	79577
LTR21C	511	36	9049
LTR40A1	584	570	143829
MLT1J	512	15254	3650014
LTR3	432	98	38329
MER49	923	1444	583671
U8	136	34	3834
LTR25	844	300	138442
ERVL-E-int	5667	8674	3777211
MER74B	622	958	319875
MER115	693	2667	673121
tRNA-His-CAY_	75	47	2932
L1M2a	5277	459	458390
Tigger9a	732	1011	195748
MLT1F2-int	560	312	136790
L2-3_AMi	408	11	1144
HERVK11-int	7953	288	383595
MER70A	472	544	210925
AluYm1	311	5041	1459840
tRNA-Tyr-TAC	76	37	2164
LTR107_Mam	570	418	88425
L1P4d	4715	157	143455
AluYh7	311	183	21527
SVA_E	1382	701	305587
LTR64	528	384	112559
L1MC4	8106	25768	8582439
L1MB5	6602	10184	4078823
MamGypLTR2b	922	854	151485
MER70-int	5023	264	168718
LTR22A	458	170	69267
AluSx1	312	123492	35217067
Charlie15a	224	2996	387293
7SK	331	704	116076
Charlie18a	342	2405	398103
LOR1-int	8120	1362	738857
LTR61	559	202	73723
Charlie7a	272	1576	239443
LTR21B	437	52	14937
MLT1L	610	11970	2503606
Tigger17a	654	2342	954191
LTR108c_Mam	519	45	13321
LTR26E	622	118	42460
ERVL-int	5757	873	526212
LTR90B	796	505	76355
tRNA-Ser-AGY	85	15	1050
MER54B	793	440	174776
L1MEj	6085	2351	732836
LTR3B	437	90	35950
LTR33B	503	1603	340870
MER70C	531	279	98013
Kanga11a	970	891	183621
MER31A	485	1378	443825
Tigger3d	321	662	85757
MER34B	565	661	215293
MLT1G3	595	2809	870557
MLT1H	549	10153	2743722
LTR88b	837	1576	275122
UCON103	152	13	1593
AluYb8	318	2962	825566
MER41G	885	118	45293
L1ME3Cz	6220	12586	3665007
PABL_B-int	7122	249	191340
L1M6	6384	5718	1625885
Cheshire	2420	1126	386351
MER97d	1205	105	44604
L1P5	6873	656	111023
L1MB4	4518	9394	3703233
MER94B	133	575	51479
MamGypLTR1c	803	1089	230536
MER70B	578	996	263853
tRNA-Glu-GAG	75	21	1084
MER11C	1071	951	951879
Arthur1C	363	718	105181
MER121	401	920	170799
tRNA-Pro-CCG	75	4	290
MER4A1	472	2301	812675
MER50C	782	87	31952
CR1-16_AMi	851	378	69716
LTR23-int	5123	172	52221
LTR33A	520	2172	530340
L1MA2	7724	7636	7311941
LTR103_Mam	475	697	121682
MER47B	418	614	195255
MER83A-int	4285	110	67115
LTR12E	1322	138	130174
tRNA-Lys-AAG	76	73	3883
THE1A-int	355	1484	1765725
MSTD	396	7805	2252940
Charlie2a	2861	2166	644622
MER110A	468	639	163937
MER50	734	2607	1132816
L1MCa	6509	7759	4215076
MER63B	436	2431	459471
MLT2B5	717	375	103758
UCON38	156	69	7773
MLT1E1-int	654	43	15029
L1PA14	8157	3116	2960829
LTR65	669	468	127863
LTR47A2	432	288	75928
Arthur1	3947	2450	774960
HERV4_I-int	6539	327	229911
MER41C	521	839	265355
Tigger17	2673	103	30046
LTR28B	974	268	190939
Ricksha	3246	188	129955
MER51E	482	239	75326
LTR9D	645	770	345787
HERV-Fc1-int	4629	7	25530
L1PREC2	8156	8146	6396753
ERV3-16A3_LTR	422	1099	282875
MER45A	178	3527	484202
UCON62	177	24	2699
Charlie8	2428	3038	576589
UCON23	154	31	3886
MER127	364	202	34313
MLT2B3	554	3355	1245538
UCON73	105	55	4980
LTR78B	1296	3154	689453
L1MEh	6172	2875	911109
Tigger15a	715	4857	887994
LTR9A1	728	475	222890
L1MC3	7961	13548	7331276
LTR8	691	3512	1572638
LTR78	1304	4723	1322140
MER112	261	4305	662293
MER11D	897	268	200258
LTR16E2	568	2267	628565
L1PA6	6171	6143	11419868
FRAM	176	7675	1074007
MER83B-int	4880	266	147803
Kanga1	1745	824	181746
Eulor2A	308	62	9007
LTR24C	635	380	122671
MER11B	1236	500	457046
MER132	178	35	3968
UCON61	137	16	1756
LTR27E	1077	217	157582
L1M2a1	3157	109	107910
L1M2c	5216	392	345607
MIR1_Amn	230	11832	1180754
LTR72B	500	163	52054
L1ME4c	6292	8783	1876119
MER58A	224	13688	2450248
LTR1C1	648	73	40798
AluSg	310	38681	11217227
tRNA-Ser-TCA(m)	73	31	2035
GSAT	217	38	240004
Charlie7	2612	3769	1032651
MLT1I	411	11062	2342653
UCON11	438	44	9418
LTR1C	747	64	38196
CR1-L3B_Croc	3277	32	2840
Tigger18a	852	1268	353408
MER66B	486	1490	446244
MER57E2	402	81	22004
UCON48	264	75	11044
FLAM_C	143	25169	3120024
MLT2A2	453	3943	1589959
MLT1N2	562	5621	1030293
tRNA-Thr-ACG	75	2	144
HERVK11D-int	7752	43	85043
MER34C_	585	675	199233
HERV9-int	8436	363	884101
UCON53	234	62	8279
HERV1_LTRe	537	33	11292
LTR75B	608	202	60543
LTR108d_Mam	544	68	23748
tRNA-Gly-GGG	74	44	2711
MER101	474	370	110735
L1PA7	6171	13381	20209913
Tigger19a	323	3460	498128
Eulor10	320	37	5537
HERVL66-int	4329	145	107602
L2-1_AMi	1235	908	174489
LTR38-int	1786	120	41014
Tigger3b	1231	6525	3270894
L1PBa1	3306	505	759213
MER4D1	900	1598	719291
Tigger4b	361	2563	622851
MER21C	938	5773	2416351
L1MEi	6200	5308	1697307
LTR12F	519	653	259338
LSU-rRNA_Hsa	5035	448	112182
LTR89	879	1102	211914
UCON37	143	96	9862
LTR77	622	105	52487
MER47A	366	2578	728503
LTR22E	507	118	49850
MER83B	378	152	38629
Looper	1557	561	190169
LSAU	498	142	37162
Arthur1A	177	1138	155669
MER92B	636	835	263056
MER48	407	196	71196
CR1-8_Crp	972	8	1213
MamRep1151	709	1272	329524
UCON89	242	45	6934
L1M3d	4572	494	274733
UCON22	334	37	4801
LTR10B2	503	104	35583
MLT2B1	520	4518	1404051
MSTB-int	426	915	852354
ERVL-B4-int	5714	4179	2719579
L1M3c	4757	1052	603876
LTR1F	772	137	86517
MLT2C2	464	1381	339500
LTR28	1020	164	106775
tRNA-Ala-GCY_	75	80	5653
Eulor11	553	99	16288
tRNA-Leu-TTA	86	12	776
Tigger12	2475	970	190131
L2c	3388	140896	28219981
LTR108e_Mam	548	180	51455
HERV-Fc2-int	7250	3	12019
LTR16B1	480	1197	384703
AluSx3	311	34198	8781312
MER9a3	512	595	274458
MER50-int	7205	515	412400
L1PB2	6868	2929	2315963
LTR7C	471	330	130670
Tigger2b_Pri	1068	2239	613387
MLT-int	1735	394	137441
AluYh9	311	165	12717
Tigger4	2731	1496	779488
LTR102_Mam	851	523	169009
Eulor6E	292	31	4218
MER107	200	362	52707
L1MEd	6212	22143	7521388
L2-1_Crp	1241	39	5430
HERVIP10F-int	7737	306	475521
LTR7B	464	879	318004
MER4E	766	745	350917
U7	63	249	13598
UCON105	273	527	68395
L1MA3	7725	9341	8707194
MER113	521	3858	777798
UCON6	437	91	14514
MamGypLTR1b	782	1173	240006
L1MC5a	7997	17712	5100826
L1PA4	6156	12272	19344694
Tigger9b	624	772	232682
HERV1_LTRc	491	34	14451
MER99	831	300	98657
Charlie24	2450	1382	283538
LTR16D2	572	329	95264
Tigger12c	734	827	145119
MER44D	705	782	234297
tRNA-Gln-CAG	75	85	4507
U4	145	159	14978
Charlie30a	791	540	87057
MER47C	97	732	55496
MER131	215	1082	119672
L1M4a1	6500	2653	1190211
MSR1	111	443	127021
LTR101_Mam	829	1151	308236
MamTip3	500	1318	217605
UCON83	102	33	2567
LTR39	783	1296	504034
LTR90A	976	381	62725
HERV-Fc1_LTR3	476	5	2362
LTR44	519	233	72843
LTR56	445	1055	294292
UCON107	205	152	18415
MER9a1	513	351	170530
LTR38B	610	238	89423
tRNA-Ile-ATA	77	63	2785
UCON16	289	38	5301
MER65C	461	703	221841
LTR1E	804	299	209618
Eulor6D	302	71	11504
LTR106_Mam	708	651	163301
AluY	311	110881	32362565
AluSc	309	36338	10145714
L1P4b	3106	169	164646
L1MB2	6402	9385	3833084
UCON43	172	41	4498
THE1D	381	12957	4151133
MER125	176	132	15748
UCON20	769	43	9770
PRIMA41-int	7756	475	380299
MER34-int	8207	405	172168
MER61E	569	322	126661
Charlie4a	508	3535	824850
MER51A	634	955	402052
LTR26B	531	139	42954
LTR1D1	899	307	208728
MER39B	653	1227	462221
HERV16-int	4996	1836	765177
LTR86A2	508	309	71135
LTR38	556	262	100796
Eulor5A	316	121	17173
Charlie11	2196	116	40020
LTR91	199	334	42006
MER75	514	487	185415
Zaphod2	3524	801	153047
L1MC	8058	8525	2463194
X7A_LINE	267	920	119075
UCON34	125	160	14153
LTR3A	484	177	71801
LTR41	768	1205	370484
UCON24	374	21	3196
MER106B	1059	817	141828
MER44A	339	2382	585491
tRNA-Ala-GCY	76	34	2401
LTR103b_Mam	548	565	100170
LTR57-int	5343	381	189575
ERV24B_Prim-int	7613	351	216283
L1ME3B	6085	8590	2975222
MIR	262	176635	27977613
tRNA-Gln-CAA	75	24	1305
SATR1	423	654	917164
LTR2	463	900	374870
Charlie25	2524	1115	389116
Charlie6	3500	258	123532
LTR5B	1002	472	363663
MER92C	590	126	36947
LTR41C	701	769	207935
L1MEg	6016	15211	5930959
LTR108b_Mam	497	55	15277
UCON12	520	57	7504
L1ME3D	6212	4358	1589470
Tigger16a	957	1707	293781
MER68	563	1533	569865
UCON44	183	83	9786
L1M3de	5122	459	308572
Charlie3	2706	349	289378
L1P4	6504	3917	1758769
Eulor2B	273	55	8894
UCON97	311	39	5477
MER76-int	6189	140	78927
MLT1K	595	17650	3958472
ERV3-16A3_I-int	5226	6625	3856677
MLT1F1	569	3334	1007102
tRNA-Met_	76	47	2433
THE1-int	1580	219	109291
tRNA-His-CAY	75	2	136
MER46C	338	2841	585884
MER45B	1040	1334	489169
MER87B	509	212	70911
L1MD3	8172	5482	1825075
MER30B	190	262	39128
MLT2E	628	412	97277
LTR27B	594	171	72472
UCON74	659	131	29099
MSTC	428	3288	926411
UCON5	436	117	16323
LTR27C	767	189	104973
tRNA-Leu-TTA(m)	78	27	1922
L1PA8	6358	8376	7059508
MER54A	901	778	347440
L1PB1	6868	13446	13307243
U14	87	7	560
MLT1F1-int	569	178	86912
UCON77	117	50	4224
L1MC4a	7946	10710	3918526
MER68-int	2990	378	148491
MER89-int	6801	726	322460
THE1B-int	364	4298	5037649
AluSq10	313	2165	487794
UCON50	133	25	2453
MER50B	697	700	324723
L1MEc	6387	19104	9038900
MLT1J1	444	5068	1051433
LTR76	675	206	102355
CR1-L3A_Croc	4288	313	37043
MER34B-int	5356	615	220844
MLT1G	591	2807	869104
UCON7	393	120	17350
LTR47B3	464	120	34758
Helitron1Nb_Mam	1116	373	83116
LTR37A	426	2033	452057
U13_	108	315	31348
X8_LINE	296	213	23562
L4_B_Mam	4941	3298	727826
THE1C	375	10029	3313327
tRNA-Arg-CGA	76	7	475
L1ME2z	6407	7273	2446919
HERV9NC-int	6118	246	663067
Helitron2Na_Mam	324	411	61781
tRNA-Leu-CTA	85	1	83
AluYk12	311	219	37968
L1MD	6354	9318	2880640
L1M2b	3887	203	147114
AluYk11	311	1341	97873
UCON19	378	31	5360
X5B_LINE	185	68	4942
LTR16D	651	1107	257021
MLT1A-int	374	456	186343
HERVFH19-int	7719	114	121596
LTR22B1	526	156	71421
LTR1B1	818	174	111305
MLT1M-int	672	1	884
LTR47B4	434	105	37379
MER101-int	6639	1186	552529
MER31B	466	1533	472159
UCON21	330	25	3423
Charlie29a	719	2021	429110
MER34	542	1331	358381
tRNA-Arg-AGA	76	42	1862
Tigger6a	1083	814	389834
PABL_A	660	545	255540
SATR2	319	391	447573
MLT1H1	555	3783	1157972
LTR42	495	337	116405
MLT1G-int	591	190	86367
LTR10F	511	446	188399
MER105	203	726	105947
AluYi6_4d	311	153	36040
HERV1_I-int	8801	53	111953
MER68C	419	166	41423
L1MD2	6751	11113	5121372
UCON70	256	57	7223
Tigger1	2418	12529	9458343
UCON68	132	10	670
UCON12A	381	23	3759
Tigger2	2718	2836	1659293
tRNA-SeC(e)-TGA	89	3	229
LTR58	679	75	27093
LTR43	602	467	168560
MER101B	570	264	75711
LTR84a	757	679	146367
MSTA-int	428	3328	3060816
MER91B	190	1615	164185
tRNA-Leu-CTY	85	29	2209
L1MEg2	2740	776	244878
L1PA5	6155	11616	16384343
AluSc8	311	23028	6427769
L1MC1	6509	13299	7868501
HSMAR1	1287	729	475166
MER133A	106	50	4028
L1M6B	1388	640	122255
LTR86B2	487	273	63647
HY4	93	165	13359
L1PBa	6868	2249	2612180
MamGypLTR1a	784	1067	235438
HERVIP10B3-int	7603	253	379788
LTR57	411	283	88500
LTR41B	758	872	261299
LTR2C	501	313	96579
Tigger5b	472	2762	300355
LTR10A	609	328	144298
MER4D0	872	437	165912
L1MA8	7709	11445	5680285
MER72B	768	191	72753
MLT1J2-int	448	594	221035
SAR	84	13	27196
LTR13	1007	525	448844
MER77B	700	1268	505273
Tigger13a	771	3151	859125
UCON4	303	133	18019
HERV-Fc1_LTR2	425	3	1282
L1M3a	4178	668	324604
tRNA-Ser-TCA	85	1	82
UCON88	112	33	2796
MER21B	868	2882	1252984
MER34C	551	192	43353
LTR22B2	600	41	14008
Tigger17c	1188	808	179808
HUERS-P3-int	8919	792	636315
LTR10B1	547	177	59881
UCON86	682	62	9612
MER63C	930	883	355298
MLT1F	548	4373	1420362
AluSz	312	107707	30286054
Charlie17b	1204	519	152207
MSTA1-int	465	23	16926
MER129	469	117	20466
PRIMA4-int	8270	412	234192
LTR15	493	311	120991
LTR14A	344	144	45841
Helitron3Na_Mam	486	1092	215077
U2	188	1102	51682
LTR53	519	515	188574
PrimLTR79	503	142	34299
HY5	84	23	1451
LTR16	438	3079	881692
L2a	3426	174058	43373283
MER94	134	4557	482929
tRNA-Leu-CTG	86	16	1134
MER130	1594	171	32435
HERVK14-int	6096	432	286984
LTR12C	1579	2765	3701418
LTR18A	357	198	61846
HERVH-int	7713	5967	5804757
MamGypsy2-LTR	183	869	97587
MER66D	484	244	74282
LTR69	588	147	55991
L1MEb	3977	1799	650685
MLT1G1-int	579	315	146697
MamRep1527	969	1270	308975
LTR10E	633	293	124860
UCON40	315	137	21344
LTR38A1	543	162	46035
LTR47B2	434	173	60658
X6B_LINE	1072	871	96917
U3	217	232	24386
MSTD-int	396	763	574002
LTR46-int	6985	77	104782
L1ME2	6372	13175	5709938
UCON92	132	18	1923
X6A_LINE	1080	1046	121989
L1MB8	7158	16951	7278563
AluSx4	310	11540	3208183
THE1B	364	22935	7531716
PABL_A-int	5015	415	307433
L1PA16	6870	14421	11423758
LTR46	460	262	80554
LTR62	709	326	138363
UCON85	80	26	1611
LTR24B	576	458	137277
MER135	228	798	79316
Charlie12	2873	21	8107
LTR2752	1263	227	211127
AluYc	299	4810	1029107
L1M4c	6414	3559	2075791
Tigger3c	602	2514	562122
Eulor8	562	141	29164
HERVK22-int	6837	454	587058
LTR82B	830	1170	332968
Eulor6B	338	57	9730
LTR72	519	161	57244
MER63D	1061	1770	289289
MamRep38	295	2048	341839
Tigger5	2406	713	159766
MER102a	330	2840	493113
UCON26	343	184	26672
MSTB	426	8787	2807887
L1PA15-16	6870	1454	1555152
LTR88a	816	835	141444
Chompy-7_Croc	1532	15	887
MER61C	428	316	112966
L1P4c	4563	95	28081
Charlie1b	523	3093	671374
MLT1H2-int	489	365	154072
Ricksha_b	1255	119	69915
LTR22C0	502	113	50795
MLT2F	663	1929	614563
tRNA-Ser-TCA_	85	4	284
AluJr4	312	20966	4808337
LTR9C	666	173	77033
MER2	345	9524	2171349
UCON27	1268	100	21458
UCON28b	575	71	13531
UCON33	320	131	23638
LTR75_1	546	129	41584
UCON17	438	33	6188
LTR5_Hs	968	697	610649
Tigger2a	434	3401	1045273
MLT1C	467	20342	6271267
LTR13A	966	211	169060
L1MB7	6612	23687	10690076
AluYi6	311	470	91090
Tigger1a_Art	497	320	52784
LTR83	780	730	177529
UCON35	131	147	13124
LTR52-int	3556	170	75853
MamGyp-int	5103	681	200967
LTR67B	620	3681	714995
L1P4a	6504	629	645373
ORSL-2a	342	351	69697
Charlie21a	1213	755	207579
MLT1H-int	1409	850	317100
UCON18	555	31	4928
LTR19B	580	289	123903
L1MB1	6399	6286	3283951
MLT1H2	489	4847	1023978
L1MEa	3967	413	142234
MER110-int	4647	389	190996
L1M3b	4622	610	444407
L1M7	6129	3380	1154652
MER85	139	930	114811
MER4D	903	1383	569790
Eulor2C	169	34	4061
LTR16E1	538	2540	648391
LTR1A1	799	370	238508
Charlie2b	2782	3702	957395
MamSINE1	290	5589	710497
Mam_R4	3809	532	115362
LTR10D	513	183	79096
L1MEg1	3508	891	280857
L1MCb	5817	2254	1192949
LTR81AB	278	269	45871
LTR23	437	863	179297
LTR06	476	103	28069
MER110	491	791	187662
LTR19A	486	458	163224
UCON79	171	45	5599
HERVE_a-int	7847	198	350124
Tigger12A	819	635	95352
Helitron1Na_Mam	1062	319	79241
LTR22	571	108	51959
Charlie10	2822	1190	323547
MER57A1	432	1092	387930
SVA_A	1387	1128	438511
tRNA-Thr-ACG_	77	12	706
MLT2D	414	4589	1126827
Eulor5B	192	40	4780
MSTB2-int	457	92	79284
HERV9N-int	5374	221	406125
LTR49	595	1549	494218
L1M8	8047	1767	682779
UCON81	84	40	2467
LTR7A	450	15	2999
LTR109A2	419	27	7242
X2_LINE	1408	184	35253
LTR84b	761	1219	284808
MER84	507	365	105337
LTR59	597	111	39541
CRP1	257	5	258
AluSg4	310	7603	2099129
Plat_L3	3586	3184	509266
L1PA13	6786	9208	7787587
MER52D	2123	680	610267
UCON2	585	137	19500
L1MA4A	7005	6325	5136439
AluYd8	299	241	55227
LTR5A	1033	306	289766
AmnSINE2	358	636	64997
LTR85c	823	1085	212467
MLT1L-int	610	98	25583
MER126	449	278	41559
MER57A-int	6187	1921	933400
GSATII	216	176	218849
CR1-13_AMi	724	101	15645
AluYc3	300	566	150529
tRNA-Arg-CGY_	76	48	2571
CER	96	88	658551
tRNA-Trp-TGG	75	13	759
MLT2B4	556	4734	1331777
MER67D	514	1021	322987
L1M3e	3151	814	545769
tRNA-Arg-AGG	76	20	1102
FordPrefect_a	508	278	60351
L1PBb	6871	303	372094
AluJr	312	88503	20544412
HERVL40-int	5530	1331	503976
L1PA17	6870	4863	3188074
LTR16B2	462	1657	497179
L1M3f	4004	704	595432
Kanga2_a	888	1551	419117
AluSq4	311	1906	529794
MamRep1879	216	1422	186625
PRIMAX-int	4102	83	24420
tRNA-Met-i	75	42	2602
UCON46	181	51	5992
L1ME4b	6353	22540	5573182
LTR40c	465	610	197419
HERV-Fc1_LTR1	346	17	5923
MER41A	554	2654	1000171
HERVL18-int	6047	499	388501
UCON59	111	43	3314
tRNA-Pro-CCA	75	9	627
MADE1	80	8017	498042
UCON84	727	103	21381
LTR1A2	837	861	527380
MamRep1894	123	664	64402
Tigger16b	336	1246	165879
HERVFH21-int	6529	119	153484
LTR17	780	853	495653
HERV15-int	8735	121	193041
D20S16	98	382	61772
AluYe6	310	199	55602
LTR18C	345	78	22816
MER104	181	2195	304748
tRNA-Ala-GCA	75	40	2774
MER5C	313	1358	250997
HSATI	577	59	26849
LOR1a	497	846	317860
MER4A1_	600	412	196727
MER65D	473	536	129616
HERV3-int	8426	338	444096
tRNA-Gly-GGA	75	107	4582
Charlie19a	386	1552	261574
MamGypLTR1d	813	761	143579
LTR35B	605	207	62047
LTR36	611	504	191214
LTR105_Mam	600	659	169269
L1M1	7725	9913	9172051
Eulor9B	240	25	3008
LTR80A	583	411	130705
LTR37B	468	2086	455648
MER102c	331	3411	569712
UCON54	178	96	11846
tRNA-Asp-GAY	75	49	2694
LTR27D	615	266	112622
L1P3	4334	3593	2817772
HAL1b	6109	5511	1423042
L1MB3	6414	18230	7205583
AluYg6	311	899	170055
MER103C	297	8744	1353524
UCON41	139	52	4599
MER84-int	4954	145	92512
LOR1b	461	1136	386089
MER2B	336	1954	338235
UCON63	165	14	1637
LTR21A	481	95	38591
Zaphod	4031	2182	682224
L5	2265	719	147291
MER4B	610	1776	720007
MER65A	445	1485	446988
MER6	865	832	378120
MER53	193	5991	766831
MamRep137	510	2360	439142
Kanga1b	779	385	97879
HUERS-P3b-int	7418	474	422430
MER66A	478	339	117947
MER74C	460	232	73995
tRNA-Gly-GGY	74	36	1967
UCON93	156	27	2566
L1MDb	4364	1167	525139
MER72	722	796	336869
LTR4	596	106	49827
MamGypLTR2c	1068	1024	201985
LTR10G	523	126	53840
FordPrefect	1683	611	302527
HERV-Fc2_LTR	374	4	907
L1PA11	6360	4207	4130342
LTR48	787	1003	372441
MSTB1-int	432	238	167761
BLACKJACK	2969	2244	824657
LTR12D	1254	507	424666
Eulor6A	248	26	3449
LTR31	619	252	103410
MER66-int	6676	772	522765
HERVH48-int	6654	120	220339
Tigger11a	735	408	91914
MER34A1	587	802	234991
Eulor3	306	37	5785
LTR71A	459	172	66099
Tigger8	667	922	207195
MLT1F-int	1489	515	196691
MER73	644	287	112922
L1ME1	6387	31789	15365622
L4_C_Mam	5138	5009	1067444
LTR45C	539	474	150430
MER61B	427	432	141660
7SLRNA	320	1672	285616
MER4E1	781	1102	453280
LTR19C	779	138	67017
THE1A	355	4314	1388701
Tigger4a	236	3580	663336
UCON60	137	36	3580
LTR1B	824	350	215254
CR1-12_AMi	614	125	25624
LTR81A	1350	976	210074
LTR108a_Mam	511	86	27196
tRNA-Tyr-TAT	76	5	239
MLT1E2-int	627	137	63788
UCON29	439	225	42218
UCON28a	807	123	23543
L1M4	6612	22011	8985365
L1PB4	6860	7745	4326942
UCON78	443	177	27694
LTR32	457	1247	371466
CR1_Mam	2204	1651	333479
U6	107	1793	158171
MLT1J-int	1387	1494	435339
HUERS-P1-int	6263	510	458163
UCON82	148	34	3512
LTR80B	584	495	154080
LTR75	562	314	101168
MamRep434	426	2064	348378
MER57B1	401	1029	310014
MER75A	77	90	6602
L1M4a2	6576	2188	940612
LTR9B	644	708	281066
L1PB	6868	1779	961921
MLT1E3-int	624	87	34347
tRNA-Thr-ACA	76	25	1241
MER34C2	555	593	172382
LTR40a	519	2034	684878
MLT1E	653	890	268181
MamTip1	267	930	138155
LTR85b	784	1176	246900
UCON67	112	20	1745
MIRc	268	101652	13194534
LTR7	450	2418	977513
MER4B-int	6758	1535	770669
MLT1O	542	4915	878593
MLT1I-int	411	836	295829
Charlie1a	1455	5964	2264642
Tigger20a	973	1341	297614
HSMAR2	1302	1842	1130301
tRNA-Phe-TTY	76	90	5574
MLT1M	672	2200	373837
L1ME3G	6144	16843	4196133
MER9B	499	39	17119
UCON28c	568	69	13624
MER4A	664	917	360299
FLAM_A	142	14831	1716742
LTR14	548	97	46584
LTR18B	614	376	158135
MLT1F2	560	6131	2125132
X7B_LINE	250	909	111949
U5	116	218	12119
MLT1G3-int	595	240	101553
UCON15	347	47	6906
LFSINE_Vert	459	2264	274723
LTR30	722	149	91439
LTR26D	604	218	75314
LTR34	699	269	102616
LTR71B	610	251	107009
tRNA-Leu-TTG	86	26	2047
AluSx	312	123022	33089375
MER5A1	166	16203	2031960
MamRep564	357	779	110894
MERX	756	433	75823
MER21A	931	2069	773213
MER41-int	5946	1696	1213664
Charlie20a	807	871	207937
HERVI-int	7785	89	169798
HAL1	6145	23462	8073412
L1ME5	6172	3236	989359
Tigger1a_Mars	834	44	15914
LTR24	467	312	94804
L1PA10	6354	7367	6903791
MamGypLTR3a	981	1301	297502
UCON132b	148	1233	112397
MLT1N2-int	562	67	17684
MER90	575	700	226483
MER68B	564	469	152797
LTR12	826	793	536835
tRNA-Ser-TCY	85	15	1059
HERV17-int	8626	914	884544
MER95	431	141	39061
MER20B	783	4207	965765
LTR16A2	495	1819	501995
LTR54B	498	872	250966
AluYk4	311	1051	305616
MER96B	417	2233	342739
Penelope1_Vert	1087	1113	99946
UCON56	138	15	1550
MLT1D-int	505	639	299304
LTR26C	539	329	111579
SST1	1563	648	425973
AluYj4	311	3860	726869
MLT1J2	448	6813	1484939
LTR37-int	4060	1343	475593
MER34A	571	1486	400442
AluYb9	318	339	97538
LTR40b	462	1149	323585
tRNA-Val-GTG	76	41	2553
AluJo	312	81375	18065190
tRNA-Asn-AAC	77	54	3866
MER44B	550	2191	668335
MER51-int	7816	562	372551
HERV1_LTRb	511	10	4614
tRNA-Asn-AAT	77	2	152
MADE2	80	2637	187507
UCON64	651	15	2314
AluSp	313	53809	15339614
MER119	583	1216	316403
L1MDa	6751	7430	4135524
HY3	101	577	50691
LTR87	624	716	203625
L2-3_Crp	2096	1727	389616
SVA_F	1375	1026	812069
HERVKC4-int	5262	49	80725
MSTA1	465	545	164016
LTR55	548	427	153136
LTR45B	489	446	141099
L1MA9	7727	16866	8127708
MLT1A1-int	408	460	348088
LTR81C	1153	651	151921
